Passeio do cavalo com heuristica de Warnsdorff (N=8).
start position (0, 0) -> Solution:

  0   3  22  19  56   5  50  43 
 21  18   1   4  49  42  57   6 
  2  23  20  55  26  59  44  51 
 17  28  25  48  41  54   7  58 
 24  13  34  27  60  47  52  45 
 29  16  31  40  53  38  61   8 
 12  33  14  35  10  63  46  37 
 15  30  11  32  39  36   9  62 

start position (0, 1) -> Solution:

  3   0  17  50  33  30  15  62 
 18  47   2  31  16  61  34  29 
  1   4  51  58  49  32  63  14 
 46  19  48  37  60  53  28  35 
  5  38  59  52  57  36  13  54 
 20  45  22  39  42  55  10  27 
 23   6  43  56  25   8  41  12 
 44  21  24   7  40  11  26   9 

start position (0, 2) -> Solution:

 22  19   0  15  28  43  10  13 
  1  16  21  42  11  14  29  44 
 20  23  18  27  46  39  12   9 
 17   2  41  38  63  56  45  30 
 24  37  26  55  40  47   8  59 
  3  52  35  62  57  60  31  48 
 36  25  54   5  50  33  58   7 
 53   4  51  34  61   6  49  32 

start position (0, 3) -> Solution:

 33  18  15   0  31  60  13  46 
 16   1  32  59  14  45  30  63 
 19  34  17  44  61  56  47  12 
  2  39  58  55  52  41  62  29 
 35  20  43  40  57  54  11  48 
  6   3  38  53  42  51  28  25 
 21  36   5   8  23  26  49  10 
  4   7  22  37  50   9  24  27 

start position (0, 4) -> Solution:

 10  13  28  37   0  15  18  39 
 27  36  11  14  29  38   1  16 
 12   9  34  43  58  17  40  19 
 35  26  45  30  41  50  63   2 
  8  33  42  57  44  59  20  51 
 25  46  31  54  49  62   3  60 
 32   7  48  23  56   5  52  21 
 47  24  55   6  53  22  61   4 

start position (0, 5) -> Solution:

 13  10  29  52  15   0  31  40 
 28  51  14  11  30  41  16   1 
  9  12  53  56  59  32  39  42 
 50  27  60  33  54  57   2  17 
 23   8  55  58  61  34  43  38 
 26  49  24  35  46  63  18   3 
  7  22  47  62   5  20  37  44 
 48  25   6  21  36  45   4  19 

start position (0, 6) -> Solution:

 22  19  10  15  28  43   0  13 
  9  16  21  42  11  14  29  44 
 20  23  18  27  46  39  12   1 
 17   8  41  38  63  56  45  30 
 24  37  26  55  40  47   2  59 
  7  52  35  62  57  60  31  48 
 36  25  54   5  50  33  58   3 
 53   6  51  34  61   4  49  32 

start position (0, 7) -> Solution:

 15  12  31  48  17   2  33   0 
 30  49  16  13  32  55  18   3 
 11  14  51  54  47  34   1  56 
 50  29  46  35  52  59   4  19 
 25  10  53  60  45  36  57  40 
 28  63  26  37  58  41  20   5 
  9  24  61  44   7  22  39  42 
 62  27   8  23  38  43   6  21 

start position (1, 0) -> Solution:

  3   6   1  20  47   8  25  22 
  0  19   4   7  24  21  46   9 
  5   2  17  48  45  62  23  26 
 18  43  36  59  54  49  10  61 
 35  16  57  44  63  60  27  50 
 40  37  42  53  58  55  30  11 
 15  34  39  56  13  32  51  28 
 38  41  14  33  52  29  12  31 

start position (1, 1) -> Solution:

 18  49  14  59  24  57  12  63 
 15   0  17  56  13  60  25  40 
 50  19  48  23  58  41  62  11 
  1  16  55  52  61  32  39  26 
 20  51  22  47  42  53  10  33 
  5   2  43  54  31  36  27  38 
 44  21   4   7  46  29  34   9 
  3   6  45  30  35   8  37  28 

start position (1, 2) -> Solution:

  1  30  15  50  35  28  13  62 
 16  47   0  29  14  61  36  27 
 31   2  51  58  49  34  63  12 
 46  17  48  33  60  53  26  37 
  3  32  59  52  57  38  11  54 
 18  45  20  39  42  55   8  25 
 21   4  43  56  23   6  41  10 
 44  19  22   5  40   9  24   7 

start position (1, 3) -> Solution:

  4   1  34  39  18  43  16  41 
 33  38   3   0  35  40  19  44 
  2   5  36  49  46  17  42  15 
 37  32  47  28  51  62  45  20 
  6  27  50  61  48  21  14  63 
 31  58  29  52  55  60  11  22 
 26   7  56  59  24   9  54  13 
 57  30  25   8  53  12  23  10 

start position (1, 4) -> Solution:

 13  16  11  52  21  18   1  62 
 10  47  14  17   0  61  22  19 
 15  12  51  48  53  20  63   2 
 46   9  38  43  60  49  36  23 
 29  42  45  50  37  54   3  58 
  8  39  30  55  44  59  24  35 
 31  28  41   6  33  26  57   4 
 40   7  32  27  56   5  34  25 

start position (1, 5) -> Solution:

 16  13  32  43  18   3  34   1 
 31  46  17  14  33   0  19   4 
 12  15  42  49  44  37   2  35 
 47  30  45  38  41  56   5  20 
 26  11  48  55  50  39  36  63 
 29  52  27  40  57  60  21   6 
 10  25  54  51   8  23  62  59 
 53  28   9  24  61  58   7  22 

start position (1, 6) -> Solution:

  3  38  23  46   1  40  13  54 
 22  47   2  39  24  53   0  41 
 37   4  49  52  45  12  55  14 
 48  21  44  25  50  63  42  11 
  5  36  51  58  43  32  15  56 
 20  59  26  35  62  57  10  31 
 27   6  61  18  29   8  33  16 
 60  19  28   7  34  17  30   9 

start position (1, 7) -> Solution:

  6   3  36  41  20   1  18  39 
 35  44   5   2  37  40  21   0 
  4   7  42  45  50  19  38  17 
 43  34  49  30  47  58  51  22 
  8  29  46  57  52  23  16  63 
 33  54  31  48  59  62  13  24 
 28   9  56  53  26  11  60  15 
 55  32  27  10  61  14  25  12 

start position (2, 0) -> Solution:

 22   1  20  17  24   3  52  43 
 19  16  23   2  51  44  25   4 
  0  21  18  45  26  53  42  63 
 15  28  33  50  57  62   5  54 
 32  11  46  27  34  55  58  41 
 29  14  31  56  49  38  61   6 
 10  47  12  35   8  59  40  37 
 13  30   9  48  39  36   7  60 

start position (2, 1) -> Solution:

  1   4  21  36  43   6  23  26 
 20  35   2   5  22  25  42   7 
  3   0  37  60  39  44  27  24 
 34  19  50  15  48  63   8  41 
 51  14  61  38  59  40  45  28 
 18  33  16  49  62  47  56   9 
 13  52  31  58  11  54  29  46 
 32  17  12  53  30  57  10  55 

start position (2, 2) -> Solution:

 14  27   2  37  54  29   4  39 
  1  36  13  28   3  38  55  30 
 26  15   0  53  44  31  40   5 
 35  12  43  32  41  52  59  56 
 16  25  34  45  60  57   6  51 
 11  22  19  42  33  48  61  58 
 20  17  24   9  46  63  50   7 
 23  10  21  18  49   8  47  62 

start position (2, 3) -> Solution does not exist.

start position (2, 4) -> Solution:

 34  19  16   1  32  39  14  45 
 17   2  33  38  15  44  31  40 
 20  35  18  51   0  41  46  13 
  3  50  37  48  59  56  43  30 
 36  21  52  57  42  47  12  63 
  7   4  49  60  55  58  29  26 
 22  53   6   9  24  27  62  11 
  5   8  23  54  61  10  25  28 

start position (2, 5) -> Solution:

 23  20  11  16  29  56   1  14 
 10  17  22  51  12  15  30  55 
 21  24  19  28  57   0  13   2 
 18   9  52  39  50  41  54  31 
 25  38  27  58  53  62   3  42 
  8  47  36  49  40  59  32  63 
 37  26  45   6  61  34  43   4 
 46   7  48  35  44   5  60  33 

start position (2, 6) -> Solution:

 38  21  18   3  34  59  16   1 
 19   4  37  58  17   2  33  60 
 22  39  20  35  56  63   0  15 
  5  36  57  54  45  50  61  32 
 40  23  44  49  62  55  14  51 
  9   6  41  46  53  48  31  28 
 24  43   8  11  26  29  52  13 
  7  10  25  42  47  12  27  30 

start position (2, 7) -> Solution:

 19  36   3  54  17  34   1  62 
  4  49  18  35   2  61  16  33 
 37  20  55  48  53  32  63   0 
 46   5  50  31  60  57  52  15 
 21  38  47  56  51  30  11  58 
  6  45  24  39  42  59  14  29 
 25  22  43   8  27  12  41  10 
 44   7  26  23  40   9  28  13 

start position (3, 0) -> Solution:

 39  16  37   2  45   6  33   4 
 36   1  40  17  34   3  44   7 
 15  38  35  46  43  62   5  32 
  0  41  18  55  48  31   8  57 
 51  14  47  42  61  56  63  30 
 22  19  52  49  54  27  58   9 
 13  50  21  24  11  60  29  26 
 20  23  12  53  28  25  10  59 

start position (3, 1) -> Solution:

  4   7   2  21  52   9  26  23 
  1  20   5   8  25  22  61  10 
  6   3  18  51  60  53  24  27 
 19   0  43  54  41  58  11  62 
 36  17  40  59  50  63  28  57 
 39  44  37  42  55  48  31  12 
 16  35  46  49  14  33  56  29 
 45  38  15  34  47  30  13  32 

start position (3, 2) -> Solution:

 31  28  13  42  47  26  11  62 
 14  41  30  27  12  61  46  25 
 29  32  43  58  45  48  63  10 
 40  15   0  33  60  53  24  49 
  1  34  59  44  57  50   9  54 
 16  39  18  35  52  55   6  23 
 19   2  37  56  21   4  51   8 
 38  17  20   3  36   7  22   5 

start position (3, 3) -> Solution:

 20  31  16  29  38  35  14  41 
 17  28  19  34  15  40  53  36 
 32  21  30  39  52  37  42  13 
 27  18  33   0  43  48  59  54 
 22   1  26  51  60  55  12  49 
  7   4  23  44  47  50  61  58 
  2  25   6   9  56  63  46  11 
  5   8   3  24  45  10  57  62 

start position (3, 4) -> Solution:

  5   2  43  40  19  52  17  50 
 42  39   4   1  44  49  20  53 
  3   6  41  48  57  18  51  16 
 38  47  56  45   0  63  54  21 
  7  28  37  58  55  22  15  32 
 36  59  46  29  62  33  12  23 
 27   8  61  34  25  10  31  14 
 60  35  26   9  30  13  24  11 

start position (3, 5) -> Solution:

  4  59  46  25   2  41  14  23 
 45  26   3  60  55  24   1  40 
 58   5  56  47  42  13  22  15 
 27  44  61  54  63   0  39  12 
  6  57  28  43  48  53  16  21 
 29  32  49  62  19  36  11  38 
 50   7  34  31  52   9  20  17 
 33  30  51   8  35  18  37  10 

start position (3, 6) -> Solution:

  7   4  37  42  21   2  19  40 
 36  45   6   3  38  41  22   1 
  5   8  47  56  43  20  39  18 
 46  35  44  31  48  59   0  23 
  9  30  57  60  55  24  17  52 
 34  63  32  49  58  53  14  25 
 29  10  61  54  27  12  51  16 
 62  33  28  11  50  15  26  13 

start position (3, 7) -> Solution:

  4  21  46  55   2  19  16  51 
 45  24   3  20  47  52   1  18 
 22   5  54  43  56  17  50  15 
 25  44  23  40  53  48  59   0 
  6  39  32  57  42  63  14  49 
 29  26  41  36  33  58  11  60 
 38   7  28  31  62   9  34  13 
 27  30  37   8  35  12  61  10 

start position (4, 0) -> Solution:

 50  33  12  29  52  25  10  27 
 13  30  51  38  11  28  61  24 
 34  49  32  47  60  53  26   9 
 31  14  39  54  37  58  23  62 
  0  35  48  59  46  63   8  57 
 15  40  17  36  55  44   5  22 
 18   1  42  45  20   3  56   7 
 41  16  19   2  43   6  21   4 

start position (4, 1) -> Solution:

 19  32  15  30  39  36  13  42 
 16  29  18  35  14  41  54  37 
 33  20  31  40  55  38  43  12 
 28  17  34  25  44  53  56  59 
 21   0  27  52  57  60  11  48 
  6   3  24  45  26  49  58  61 
  1  22   5   8  51  62  47  10 
  4   7   2  23  46   9  50  63 

start position (4, 2) -> Solution:

  4   7  24  39  48   9  26  29 
 23  38   5   8  25  28  47  10 
  6   3  40  49  44  55  30  27 
 37  22  43  18  41  50  11  46 
  2  17   0  51  54  45  56  31 
 21  36  19  42  59  52  63  12 
 16   1  34  53  14  61  32  57 
 35  20  15  60  33  58  13  62 

start position (4, 3) -> Solution:

 31  26   9   6  35  16  11  14 
  8   5  32  27  10  13  34  17 
 25  30   7  36  33  42  15  12 
  4  37  28  41  56  59  18  43 
 29  24  55   0  53  44  57  60 
 38   3  40  47  58  61  52  19 
 23  48   1  54  21  50  45  62 
  2  39  22  49  46  63  20  51 

start position (4, 4) -> Solution:

  8  11   6  37  42  13  60  35 
  5  38   9  12  61  36  43  14 
 10   7  52  41  46  59  34  63 
 39   4  47  58  55  62  15  44 
 22  53  40  51   0  45  56  33 
  3  48  21  54  57  30  27  16 
 20  23  50   1  18  25  32  29 
 49   2  19  24  31  28  17  26 

start position (4, 5) -> Solution:

  5  22  47  56   3  20  17  52 
 46  25   4  21  48  53   2  19 
 23   6  55  44  57  18  51  16 
 26  45  24  41  54  49  62   1 
  7  40  33  58  43   0  15  50 
 30  27  42  37  34  61  12  63 
 39   8  29  32  59  10  35  14 
 28  31  38   9  36  13  60  11 

start position (4, 6) -> Solution:

 10  13   8  37  32  15  28  25 
  7  38  11  14  29  26  33  16 
 12   9  40  43  36  31  24  27 
 39   6  49  30  41  44  17  34 
 48  57  42  53  62  35   0  23 
  5  50  63  58  45  20  61  18 
 56  47  52   3  54  59  22   1 
 51   4  55  46  21   2  19  60 

start position (4, 7) -> Solution:

 41  48  25   8  43  12  27  10 
 24   7  42  55  26   9  34  13 
 49  40  47  44  63  56  11  28 
  6  23  54  59  46  35  14  33 
 39  50  45  62  57  60  29   0 
 22   5  58  53  36  17  32  15 
 51  38   3  20  61  30   1  18 
  4  21  52  37   2  19  16  31 

start position (5, 0) -> Solution:

 13  32   9  30  37  52   7  40 
 10  29  12  51   8  39  44  53 
 33  14  31  38  55  36  41   6 
 28  11  50  35  58  43  54  45 
 15  34  27  56  49  60   5  42 
  0  21  18  59  26  57  46  63 
 19  16  23   2  61  48  25   4 
 22   1  20  17  24   3  62  47 

start position (5, 1) -> Solution:

 16  37  12  45  32  35  10  55 
 13  44  15  36  11  54  31  34 
 38  17  46  49  52  33  56   9 
 43  14  51  40  59  48  53  30 
 18  39  42  47  50  57   8  63 
  3   0  21  58  41  60  29  26 
 22  19   2   5  24  27  62   7 
  1   4  23  20  61   6  25  28 

start position (5, 2) -> Solution:

  7  10   5  36  43  12  23  26 
  4  35   8  11  22  25  42  13 
  9   6  37  60  39  44  27  24 
 34   3  50  21  48  63  14  41 
 51  20  61  38  59  40  45  28 
  2  33   0  49  62  47  56  15 
 19  52  31  58  17  54  29  46 
 32   1  18  53  30  57  16  55 

start position (5, 3) -> Solution:

 18   5  44  47  16   7  30  33 
 45  54  17   6  43  32  15   8 
  4  19  46  63  48  29  34  31 
 53  60  55  42  35  40   9  14 
 20   3  62  49  56  13  28  39 
 61  52  59   0  41  36  25  10 
  2  21  50  57  12  23  38  27 
 51  58   1  22  37  26  11  24 

start position (5, 4) -> Solution:

  5   8  25  36  61  10  27  40 
 24  35   6   9  26  39  60  11 
  7   4  37  58  51  62  41  28 
 34  23  50  19  38  59  12  63 
  3  18  33  46  57  52  29  42 
 22  49  20  53   0  45  56  13 
 17   2  47  32  15  54  43  30 
 48  21  16   1  44  31  14  55 

start position (5, 5) -> Solution:

 10  13   8  29  40  15  48  59 
  7  28  11  14  49  60  41  16 
 12   9  30  39  32  47  58  63 
 27   6  33  50  61  56  17  42 
 34  23  38  31  46  51  62  57 
  5  26  35  52  55   0  43  18 
 22  37  24   3  20  45  54   1 
 25   4  21  36  53   2  19  44 

start position (5, 6) -> Solution:

  7  10  41  60  49  12  55  62 
 40  35   8  11  54  61  50  13 
  9   6  59  42  51  48  63  56 
 34  39  36  45  58  53  14  47 
  5  20  43  52  37  46  57  24 
 30  33  38  21  44  25   0  15 
 19   4  31  28  17   2  23  26 
 32  29  18   3  22  27  16   1 

start position (5, 7) -> Solution:

 60   7  26  23  62   9  28  13 
 25  22  61   8  27  12  47  10 
  6  59  24  55  44  63  14  29 
 21  36  43  58  39  48  11  46 
 42   5  56  37  54  45  30  15 
 35  20  53  40  57  38  49   0 
  4  41  18  33   2  51  16  31 
 19  34   3  52  17  32   1  50 

start position (6, 0) -> Solution:

 18  27  14  43  32  29  12  63 
 15  40  17  28  13  62  33  30 
 26  19  42  57  44  31  60  11 
 41  16  39  24  61  58  49  34 
 20  25  56  45  38  53  10  59 
  5   2  23  52  55  50  35  48 
  0  21   4   7  46  37  54   9 
  3   6   1  22  51   8  47  36 

start position (6, 1) -> Solution:

  3   6  23  38  47   8  25  28 
 22  37   4   7  24  27  46   9 
  5   2  39  50  41  48  29  26 
 36  21  42  17  58  51  10  45 
  1  16  57  40  49  44  59  30 
 20  35  18  43  56  63  52  11 
 15   0  33  62  13  54  31  60 
 34  19  14  55  32  61  12  53 

start position (6, 2) -> Solution:

 32  19  30   5  34   9  60   7 
 29   4  33  20  59   6  51  10 
 18  31  48  35  50  61   8  63 
  3  28  21  58  47  56  11  52 
 22  17  36  49  38  53  62  55 
 27   2  25  46  57  44  41  12 
 16  23   0  37  14  39  54  43 
  1  26  15  24  45  42  13  40 

start position (6, 3) -> Solution:

  7  10   5  26  37  12  45  62 
  4  25   8  11  46  61  38  13 
  9   6  27  36  29  44  63  58 
 24   3  30  47  60  57  14  39 
 31  20  35  28  43  48  59  56 
  2  23  32  49  52  55  40  15 
 19  34  21   0  17  42  51  54 
 22   1  18  33  50  53  16  41 

start position (6, 4) -> Solution:

 54  37  12  41  48  59  10  43 
 13  40  55  58  11  42  49  60 
 36  53  38  47  56  63  44   9 
 39  14  57  52  45  26  61  50 
 30  35  46  25  62  51   8  23 
 15  18  31  34  27  24   5   2 
 32  29  20  17   0   3  22   7 
 19  16  33  28  21   6   1   4 

start position (6, 5) -> Solution:

 55  34   9  30  57  26   7  28 
 10  31  56  53   8  29  58  25 
 35  54  33  48  59  62  27   6 
 32  11  52  61  50  41  24  63 
 45  36  49  40  47  60   5  20 
 12  15  46  51  42  21   2  23 
 37  44  17  14  39   0  19   4 
 16  13  38  43  18   3  22   1 

start position (6, 6) -> Solution:

 30  33  20   7  42  49  22   9 
 19   6  31  48  21   8  43  50 
 32  29  34  41  46  59  10  23 
  5  18  47  56  39  44  51  58 
 28  35  40  45  60  57  24  11 
 17   4  55  38  25  12  61  52 
 36  27   2  15  54  63   0  13 
  3  16  37  26   1  14  53  62 

start position (6, 7) -> Solution:

  9  12   7  26  63  14  31  24 
  6  27  10  13  30  25  54  15 
 11   8  29  62  51  60  23  32 
 28   5  38  59  34  55  16  53 
 37  42  35  50  61  52  33  22 
  4  39  58  45  56  19  48  17 
 43  36  41   2  49  46  21   0 
 40   3  44  57  20   1  18  47 

start position (7, 0) -> Solution:

 45  18  43   4  51   8  57   6 
 42   3  46  19  56   5  50   9 
 17  44  41  38  49  52   7  58 
  2  47  20  55  40  61  10  53 
 21  16  39  48  37  54  59  62 
 26   1  24  29  60  35  32  11 
 15  22  27  36  13  30  63  34 
  0  25  14  23  28  33  12  31 

start position (7, 1) -> Solution:

  6   9   4  25  56  11  50  43 
  3  24   7  10  49  42  57  12 
  8   5  26  55  28  59  44  51 
 23   2  29  48  41  54  13  58 
 30  19  34  27  60  47  52  45 
  1  22  31  40  53  38  61  14 
 18  33  20  35  16  63  46  37 
 21   0  17  32  39  36  15  62 

start position (7, 2) -> Solution:

 19   4  35  52  21   6  25  62 
 34  47  20   5  36  61  22   7 
  3  18  51  48  53  24  63  26 
 46  33  40  37  60  49   8  23 
 17   2  45  50  39  54  27  58 
 32  41  38  55  44  59  12   9 
  1  16  43  30  11  14  57  28 
 42  31   0  15  56  29  10  13 

start position (7, 3) -> Solution:

  4   7  24  39  48   9  26  29 
 23  38   5   8  25  28  47  10 
  6   3  40  51  42  49  30  27 
 37  22  43  18  59  52  11  46 
  2  17  58  41  50  45  56  31 
 21  36  19  44  57  60  53  12 
 16   1  34  61  14  55  32  63 
 35  20  15   0  33  62  13  54 

start position (7, 4) -> Solution:

 27  38  33   6  25  22  49   4 
 34   7  26  41  48   5  24  21 
 39  28  37  32  23  62   3  50 
  8  35  40  47  42  51  20  57 
 29  46  31  36  61  56  63   2 
 12   9  54  43  52  17  58  19 
 45  30  11  14  55  60   1  16 
 10  13  44  53   0  15  18  59 

start position (7, 5) -> Solution:

 32  45   6  39  34  53   4  41 
  7  38  33  52   5  40  25  54 
 46  31  44  35  62  57  42   3 
 37   8  51  58  43  26  55  24 
 30  47  36  61  56  63   2  17 
  9  12  59  50  27  18  23  20 
 48  29  14  11  60  21  16   1 
 13  10  49  28  15   0  19  22 

start position (7, 6) -> Solution:

 31  34  11  58  53  36   9  62 
 12  57  32  35  10  61  50  37 
 33  30  59  54  49  52  63   8 
 56  13  48  45  60  25  38  51 
 29  46  55  24  39  44   7  22 
 14  17  40  47  26  23   4   1 
 41  28  19  16  43   2  21   6 
 18  15  42  27  20   5   0   3 

start position (7, 7) -> Solution:

  6   9  50  41  38  11  36  31 
 51  42   7  10  49  32  39  12 
  8   5  52  63  40  37  30  35 
 53  58  43  48  33  60  13  28 
  4  19  62  59  44  29  34  23 
 57  54  47  20  61  24  27  14 
 18   3  56  45  16   1  22  25 
 55  46  17   2  21  26  15   0 

  1   1   1   1   1   1   1   1 
  1   1   1   1   1   1   1   1 
  1   1   1   0   1   1   1   1 
  1   1   1   1   1   1   1   1 
  1   1   1   1   1   1   1   1 
  1   1   1   1   1   1   1   1 
  1   1   1   1   1   1   1   1 
  1   1   1   1   1   1   1   1 


runtime: 2.000 ms
